{
 "cells": [
  {
   "cell_type": "markdown",
   "metadata": {},
   "source": [
    "# Lab 1\n",
    "\n",
    "## Intro to using Python for Econometrics\n",
    "\n",
    "The goals for this lab are to learn several basic uses of statistics in python including\n",
    "\n",
    "<ol>\n",
    "<li>Loading a dataset</li>\n",
    "<li>Generating new variables</li>\n",
    "<li>Calculating sample statistics</li>\n",
    "<li>Creating a histogram</li>\n",
    "</ol>"
   ]
  },
  {
   "cell_type": "markdown",
   "metadata": {},
   "source": [
    "Before we start to code, we need to make sure that we have all of the python packages that we will be using for this lab. When you are coding youself, you will often find yourself adding packages as you go. Just make sure they all go at the top!"
   ]
  },
  {
   "cell_type": "code",
   "execution_count": 167,
   "metadata": {},
   "outputs": [],
   "source": [
    "import pandas as pd\n",
    "import numpy as np\n",
    "from scipy.stats import norm\n",
    "import matplotlib.pyplot as plt\n"
   ]
  },
  {
   "cell_type": "markdown",
   "metadata": {},
   "source": [
    "As you can see we have added 4 things. Each of them you can google for more information, but here is a quick over view:\n",
    "\n",
    "Pandas: Used for \"data frames\" often shortened to df. You can think of a df as a table or excel sheet with rows and columns\n",
    "\n",
    "Numpy: Adds additional mathematical and statistical functions\n",
    "\n",
    "Scipy: More math and stats\n",
    "\n",
    "Matplotlib: Graphing in python"
   ]
  },
  {
   "cell_type": "markdown",
   "metadata": {},
   "source": [
    "# Loading a dataset\n",
    "\n",
    "Here, I am creating a df from the data provided in lab1.\n",
    "\n",
    "You can copy and paste this code to create a dataframe. Note that the df on the right side of the equals sign is simply the name of the df\n",
    "\n",
    "Typing the df's name and running the code prints the df."
   ]
  },
  {
   "cell_type": "code",
   "execution_count": 168,
   "metadata": {},
   "outputs": [
    {
     "data": {
      "text/html": [
       "<div>\n",
       "<style scoped>\n",
       "    .dataframe tbody tr th:only-of-type {\n",
       "        vertical-align: middle;\n",
       "    }\n",
       "\n",
       "    .dataframe tbody tr th {\n",
       "        vertical-align: top;\n",
       "    }\n",
       "\n",
       "    .dataframe thead th {\n",
       "        text-align: right;\n",
       "    }\n",
       "</style>\n",
       "<table border=\"1\" class=\"dataframe\">\n",
       "  <thead>\n",
       "    <tr style=\"text-align: right;\">\n",
       "      <th></th>\n",
       "      <th>attend</th>\n",
       "      <th>termgpa</th>\n",
       "      <th>priGPA</th>\n",
       "      <th>ACT</th>\n",
       "      <th>final</th>\n",
       "      <th>atndrte</th>\n",
       "      <th>hwrte</th>\n",
       "      <th>frosh</th>\n",
       "      <th>soph</th>\n",
       "      <th>skipped</th>\n",
       "      <th>stndfnl</th>\n",
       "    </tr>\n",
       "  </thead>\n",
       "  <tbody>\n",
       "    <tr>\n",
       "      <th>0</th>\n",
       "      <td>27.0</td>\n",
       "      <td>3.19</td>\n",
       "      <td>2.64</td>\n",
       "      <td>23.0</td>\n",
       "      <td>28.0</td>\n",
       "      <td>84.375</td>\n",
       "      <td>100.0</td>\n",
       "      <td>0.0</td>\n",
       "      <td>1.0</td>\n",
       "      <td>5.0</td>\n",
       "      <td>0.472689</td>\n",
       "    </tr>\n",
       "    <tr>\n",
       "      <th>1</th>\n",
       "      <td>22.0</td>\n",
       "      <td>2.73</td>\n",
       "      <td>3.52</td>\n",
       "      <td>25.0</td>\n",
       "      <td>26.0</td>\n",
       "      <td>68.750</td>\n",
       "      <td>87.5</td>\n",
       "      <td>0.0</td>\n",
       "      <td>0.0</td>\n",
       "      <td>10.0</td>\n",
       "      <td>0.052521</td>\n",
       "    </tr>\n",
       "    <tr>\n",
       "      <th>2</th>\n",
       "      <td>30.0</td>\n",
       "      <td>3.00</td>\n",
       "      <td>2.46</td>\n",
       "      <td>24.0</td>\n",
       "      <td>30.0</td>\n",
       "      <td>93.750</td>\n",
       "      <td>87.5</td>\n",
       "      <td>0.0</td>\n",
       "      <td>0.0</td>\n",
       "      <td>2.0</td>\n",
       "      <td>0.892857</td>\n",
       "    </tr>\n",
       "    <tr>\n",
       "      <th>3</th>\n",
       "      <td>31.0</td>\n",
       "      <td>2.04</td>\n",
       "      <td>2.61</td>\n",
       "      <td>20.0</td>\n",
       "      <td>27.0</td>\n",
       "      <td>96.875</td>\n",
       "      <td>100.0</td>\n",
       "      <td>0.0</td>\n",
       "      <td>1.0</td>\n",
       "      <td>1.0</td>\n",
       "      <td>0.262605</td>\n",
       "    </tr>\n",
       "    <tr>\n",
       "      <th>4</th>\n",
       "      <td>32.0</td>\n",
       "      <td>3.68</td>\n",
       "      <td>3.32</td>\n",
       "      <td>23.0</td>\n",
       "      <td>34.0</td>\n",
       "      <td>100.000</td>\n",
       "      <td>100.0</td>\n",
       "      <td>0.0</td>\n",
       "      <td>1.0</td>\n",
       "      <td>0.0</td>\n",
       "      <td>1.733193</td>\n",
       "    </tr>\n",
       "    <tr>\n",
       "      <th>...</th>\n",
       "      <td>...</td>\n",
       "      <td>...</td>\n",
       "      <td>...</td>\n",
       "      <td>...</td>\n",
       "      <td>...</td>\n",
       "      <td>...</td>\n",
       "      <td>...</td>\n",
       "      <td>...</td>\n",
       "      <td>...</td>\n",
       "      <td>...</td>\n",
       "      <td>...</td>\n",
       "    </tr>\n",
       "    <tr>\n",
       "      <th>675</th>\n",
       "      <td>25.0</td>\n",
       "      <td>1.00</td>\n",
       "      <td>2.31</td>\n",
       "      <td>18.0</td>\n",
       "      <td>22.0</td>\n",
       "      <td>78.125</td>\n",
       "      <td>100.0</td>\n",
       "      <td>0.0</td>\n",
       "      <td>1.0</td>\n",
       "      <td>7.0</td>\n",
       "      <td>-0.787815</td>\n",
       "    </tr>\n",
       "    <tr>\n",
       "      <th>676</th>\n",
       "      <td>32.0</td>\n",
       "      <td>2.69</td>\n",
       "      <td>2.38</td>\n",
       "      <td>19.0</td>\n",
       "      <td>19.0</td>\n",
       "      <td>100.000</td>\n",
       "      <td>100.0</td>\n",
       "      <td>0.0</td>\n",
       "      <td>1.0</td>\n",
       "      <td>0.0</td>\n",
       "      <td>-1.418067</td>\n",
       "    </tr>\n",
       "    <tr>\n",
       "      <th>677</th>\n",
       "      <td>32.0</td>\n",
       "      <td>3.66</td>\n",
       "      <td>3.61</td>\n",
       "      <td>22.0</td>\n",
       "      <td>30.0</td>\n",
       "      <td>100.000</td>\n",
       "      <td>100.0</td>\n",
       "      <td>0.0</td>\n",
       "      <td>1.0</td>\n",
       "      <td>0.0</td>\n",
       "      <td>0.892857</td>\n",
       "    </tr>\n",
       "    <tr>\n",
       "      <th>678</th>\n",
       "      <td>28.0</td>\n",
       "      <td>3.17</td>\n",
       "      <td>3.02</td>\n",
       "      <td>24.0</td>\n",
       "      <td>27.0</td>\n",
       "      <td>87.500</td>\n",
       "      <td>100.0</td>\n",
       "      <td>0.0</td>\n",
       "      <td>1.0</td>\n",
       "      <td>4.0</td>\n",
       "      <td>0.262605</td>\n",
       "    </tr>\n",
       "    <tr>\n",
       "      <th>679</th>\n",
       "      <td>14.0</td>\n",
       "      <td>1.80</td>\n",
       "      <td>1.19</td>\n",
       "      <td>24.0</td>\n",
       "      <td>29.0</td>\n",
       "      <td>43.750</td>\n",
       "      <td>62.5</td>\n",
       "      <td>1.0</td>\n",
       "      <td>0.0</td>\n",
       "      <td>18.0</td>\n",
       "      <td>0.682773</td>\n",
       "    </tr>\n",
       "  </tbody>\n",
       "</table>\n",
       "<p>680 rows × 11 columns</p>\n",
       "</div>"
      ],
      "text/plain": [
       "     attend  termgpa  priGPA   ACT  final  atndrte  hwrte  frosh  soph  \\\n",
       "0      27.0     3.19    2.64  23.0   28.0   84.375  100.0    0.0   1.0   \n",
       "1      22.0     2.73    3.52  25.0   26.0   68.750   87.5    0.0   0.0   \n",
       "2      30.0     3.00    2.46  24.0   30.0   93.750   87.5    0.0   0.0   \n",
       "3      31.0     2.04    2.61  20.0   27.0   96.875  100.0    0.0   1.0   \n",
       "4      32.0     3.68    3.32  23.0   34.0  100.000  100.0    0.0   1.0   \n",
       "..      ...      ...     ...   ...    ...      ...    ...    ...   ...   \n",
       "675    25.0     1.00    2.31  18.0   22.0   78.125  100.0    0.0   1.0   \n",
       "676    32.0     2.69    2.38  19.0   19.0  100.000  100.0    0.0   1.0   \n",
       "677    32.0     3.66    3.61  22.0   30.0  100.000  100.0    0.0   1.0   \n",
       "678    28.0     3.17    3.02  24.0   27.0   87.500  100.0    0.0   1.0   \n",
       "679    14.0     1.80    1.19  24.0   29.0   43.750   62.5    1.0   0.0   \n",
       "\n",
       "     skipped   stndfnl  \n",
       "0        5.0  0.472689  \n",
       "1       10.0  0.052521  \n",
       "2        2.0  0.892857  \n",
       "3        1.0  0.262605  \n",
       "4        0.0  1.733193  \n",
       "..       ...       ...  \n",
       "675      7.0 -0.787815  \n",
       "676      0.0 -1.418067  \n",
       "677      0.0  0.892857  \n",
       "678      4.0  0.262605  \n",
       "679     18.0  0.682773  \n",
       "\n",
       "[680 rows x 11 columns]"
      ]
     },
     "execution_count": 168,
     "metadata": {},
     "output_type": "execute_result"
    }
   ],
   "source": [
    "df = pd.read_stata(r'C:\\Users\\patri\\Desktop\\Metrics\\Lab1.dta')\n",
    "df"
   ]
  },
  {
   "cell_type": "code",
   "execution_count": 169,
   "metadata": {},
   "outputs": [
    {
     "data": {
      "text/html": [
       "<div>\n",
       "<style scoped>\n",
       "    .dataframe tbody tr th:only-of-type {\n",
       "        vertical-align: middle;\n",
       "    }\n",
       "\n",
       "    .dataframe tbody tr th {\n",
       "        vertical-align: top;\n",
       "    }\n",
       "\n",
       "    .dataframe thead th {\n",
       "        text-align: right;\n",
       "    }\n",
       "</style>\n",
       "<table border=\"1\" class=\"dataframe\">\n",
       "  <thead>\n",
       "    <tr style=\"text-align: right;\">\n",
       "      <th></th>\n",
       "      <th>attend</th>\n",
       "      <th>termgpa</th>\n",
       "      <th>priGPA</th>\n",
       "      <th>ACT</th>\n",
       "      <th>final</th>\n",
       "      <th>atndrte</th>\n",
       "      <th>hwrte</th>\n",
       "      <th>frosh</th>\n",
       "      <th>soph</th>\n",
       "      <th>skipped</th>\n",
       "      <th>stndfnl</th>\n",
       "      <th>attendenceRate</th>\n",
       "    </tr>\n",
       "  </thead>\n",
       "  <tbody>\n",
       "    <tr>\n",
       "      <th>0</th>\n",
       "      <td>27.0</td>\n",
       "      <td>3.19</td>\n",
       "      <td>2.64</td>\n",
       "      <td>23.0</td>\n",
       "      <td>28.0</td>\n",
       "      <td>84.375</td>\n",
       "      <td>100.0</td>\n",
       "      <td>0.0</td>\n",
       "      <td>1.0</td>\n",
       "      <td>5.0</td>\n",
       "      <td>0.472689</td>\n",
       "      <td>84.375</td>\n",
       "    </tr>\n",
       "    <tr>\n",
       "      <th>1</th>\n",
       "      <td>22.0</td>\n",
       "      <td>2.73</td>\n",
       "      <td>3.52</td>\n",
       "      <td>25.0</td>\n",
       "      <td>26.0</td>\n",
       "      <td>68.750</td>\n",
       "      <td>87.5</td>\n",
       "      <td>0.0</td>\n",
       "      <td>0.0</td>\n",
       "      <td>10.0</td>\n",
       "      <td>0.052521</td>\n",
       "      <td>68.750</td>\n",
       "    </tr>\n",
       "    <tr>\n",
       "      <th>2</th>\n",
       "      <td>30.0</td>\n",
       "      <td>3.00</td>\n",
       "      <td>2.46</td>\n",
       "      <td>24.0</td>\n",
       "      <td>30.0</td>\n",
       "      <td>93.750</td>\n",
       "      <td>87.5</td>\n",
       "      <td>0.0</td>\n",
       "      <td>0.0</td>\n",
       "      <td>2.0</td>\n",
       "      <td>0.892857</td>\n",
       "      <td>93.750</td>\n",
       "    </tr>\n",
       "    <tr>\n",
       "      <th>3</th>\n",
       "      <td>31.0</td>\n",
       "      <td>2.04</td>\n",
       "      <td>2.61</td>\n",
       "      <td>20.0</td>\n",
       "      <td>27.0</td>\n",
       "      <td>96.875</td>\n",
       "      <td>100.0</td>\n",
       "      <td>0.0</td>\n",
       "      <td>1.0</td>\n",
       "      <td>1.0</td>\n",
       "      <td>0.262605</td>\n",
       "      <td>96.875</td>\n",
       "    </tr>\n",
       "    <tr>\n",
       "      <th>4</th>\n",
       "      <td>32.0</td>\n",
       "      <td>3.68</td>\n",
       "      <td>3.32</td>\n",
       "      <td>23.0</td>\n",
       "      <td>34.0</td>\n",
       "      <td>100.000</td>\n",
       "      <td>100.0</td>\n",
       "      <td>0.0</td>\n",
       "      <td>1.0</td>\n",
       "      <td>0.0</td>\n",
       "      <td>1.733193</td>\n",
       "      <td>100.000</td>\n",
       "    </tr>\n",
       "    <tr>\n",
       "      <th>...</th>\n",
       "      <td>...</td>\n",
       "      <td>...</td>\n",
       "      <td>...</td>\n",
       "      <td>...</td>\n",
       "      <td>...</td>\n",
       "      <td>...</td>\n",
       "      <td>...</td>\n",
       "      <td>...</td>\n",
       "      <td>...</td>\n",
       "      <td>...</td>\n",
       "      <td>...</td>\n",
       "      <td>...</td>\n",
       "    </tr>\n",
       "    <tr>\n",
       "      <th>675</th>\n",
       "      <td>25.0</td>\n",
       "      <td>1.00</td>\n",
       "      <td>2.31</td>\n",
       "      <td>18.0</td>\n",
       "      <td>22.0</td>\n",
       "      <td>78.125</td>\n",
       "      <td>100.0</td>\n",
       "      <td>0.0</td>\n",
       "      <td>1.0</td>\n",
       "      <td>7.0</td>\n",
       "      <td>-0.787815</td>\n",
       "      <td>78.125</td>\n",
       "    </tr>\n",
       "    <tr>\n",
       "      <th>676</th>\n",
       "      <td>32.0</td>\n",
       "      <td>2.69</td>\n",
       "      <td>2.38</td>\n",
       "      <td>19.0</td>\n",
       "      <td>19.0</td>\n",
       "      <td>100.000</td>\n",
       "      <td>100.0</td>\n",
       "      <td>0.0</td>\n",
       "      <td>1.0</td>\n",
       "      <td>0.0</td>\n",
       "      <td>-1.418067</td>\n",
       "      <td>100.000</td>\n",
       "    </tr>\n",
       "    <tr>\n",
       "      <th>677</th>\n",
       "      <td>32.0</td>\n",
       "      <td>3.66</td>\n",
       "      <td>3.61</td>\n",
       "      <td>22.0</td>\n",
       "      <td>30.0</td>\n",
       "      <td>100.000</td>\n",
       "      <td>100.0</td>\n",
       "      <td>0.0</td>\n",
       "      <td>1.0</td>\n",
       "      <td>0.0</td>\n",
       "      <td>0.892857</td>\n",
       "      <td>100.000</td>\n",
       "    </tr>\n",
       "    <tr>\n",
       "      <th>678</th>\n",
       "      <td>28.0</td>\n",
       "      <td>3.17</td>\n",
       "      <td>3.02</td>\n",
       "      <td>24.0</td>\n",
       "      <td>27.0</td>\n",
       "      <td>87.500</td>\n",
       "      <td>100.0</td>\n",
       "      <td>0.0</td>\n",
       "      <td>1.0</td>\n",
       "      <td>4.0</td>\n",
       "      <td>0.262605</td>\n",
       "      <td>87.500</td>\n",
       "    </tr>\n",
       "    <tr>\n",
       "      <th>679</th>\n",
       "      <td>14.0</td>\n",
       "      <td>1.80</td>\n",
       "      <td>1.19</td>\n",
       "      <td>24.0</td>\n",
       "      <td>29.0</td>\n",
       "      <td>43.750</td>\n",
       "      <td>62.5</td>\n",
       "      <td>1.0</td>\n",
       "      <td>0.0</td>\n",
       "      <td>18.0</td>\n",
       "      <td>0.682773</td>\n",
       "      <td>43.750</td>\n",
       "    </tr>\n",
       "  </tbody>\n",
       "</table>\n",
       "<p>680 rows × 12 columns</p>\n",
       "</div>"
      ],
      "text/plain": [
       "     attend  termgpa  priGPA   ACT  final  atndrte  hwrte  frosh  soph  \\\n",
       "0      27.0     3.19    2.64  23.0   28.0   84.375  100.0    0.0   1.0   \n",
       "1      22.0     2.73    3.52  25.0   26.0   68.750   87.5    0.0   0.0   \n",
       "2      30.0     3.00    2.46  24.0   30.0   93.750   87.5    0.0   0.0   \n",
       "3      31.0     2.04    2.61  20.0   27.0   96.875  100.0    0.0   1.0   \n",
       "4      32.0     3.68    3.32  23.0   34.0  100.000  100.0    0.0   1.0   \n",
       "..      ...      ...     ...   ...    ...      ...    ...    ...   ...   \n",
       "675    25.0     1.00    2.31  18.0   22.0   78.125  100.0    0.0   1.0   \n",
       "676    32.0     2.69    2.38  19.0   19.0  100.000  100.0    0.0   1.0   \n",
       "677    32.0     3.66    3.61  22.0   30.0  100.000  100.0    0.0   1.0   \n",
       "678    28.0     3.17    3.02  24.0   27.0   87.500  100.0    0.0   1.0   \n",
       "679    14.0     1.80    1.19  24.0   29.0   43.750   62.5    1.0   0.0   \n",
       "\n",
       "     skipped   stndfnl  attendenceRate  \n",
       "0        5.0  0.472689          84.375  \n",
       "1       10.0  0.052521          68.750  \n",
       "2        2.0  0.892857          93.750  \n",
       "3        1.0  0.262605          96.875  \n",
       "4        0.0  1.733193         100.000  \n",
       "..       ...       ...             ...  \n",
       "675      7.0 -0.787815          78.125  \n",
       "676      0.0 -1.418067         100.000  \n",
       "677      0.0  0.892857         100.000  \n",
       "678      4.0  0.262605          87.500  \n",
       "679     18.0  0.682773          43.750  \n",
       "\n",
       "[680 rows x 12 columns]"
      ]
     },
     "execution_count": 169,
     "metadata": {},
     "output_type": "execute_result"
    }
   ],
   "source": [
    "df['attendenceRate'] = (df.attend/32) *100\n",
    "df"
   ]
  },
  {
   "cell_type": "code",
   "execution_count": 170,
   "metadata": {},
   "outputs": [
    {
     "data": {
      "text/plain": [
       "count    680.000000\n",
       "mean      81.709557\n",
       "std       17.046988\n",
       "min        6.250000\n",
       "25%       75.000000\n",
       "50%       87.500000\n",
       "75%       93.750000\n",
       "max      100.000000\n",
       "Name: attendenceRate, dtype: float64"
      ]
     },
     "execution_count": 170,
     "metadata": {},
     "output_type": "execute_result"
    }
   ],
   "source": [
    "df['attendenceRate'].describe()"
   ]
  },
  {
   "cell_type": "code",
   "execution_count": 171,
   "metadata": {},
   "outputs": [
    {
     "data": {
      "text/html": [
       "<div>\n",
       "<style scoped>\n",
       "    .dataframe tbody tr th:only-of-type {\n",
       "        vertical-align: middle;\n",
       "    }\n",
       "\n",
       "    .dataframe tbody tr th {\n",
       "        vertical-align: top;\n",
       "    }\n",
       "\n",
       "    .dataframe thead th {\n",
       "        text-align: right;\n",
       "    }\n",
       "</style>\n",
       "<table border=\"1\" class=\"dataframe\">\n",
       "  <thead>\n",
       "    <tr style=\"text-align: right;\">\n",
       "      <th></th>\n",
       "      <th>attend</th>\n",
       "      <th>termgpa</th>\n",
       "      <th>priGPA</th>\n",
       "      <th>ACT</th>\n",
       "      <th>final</th>\n",
       "      <th>atndrte</th>\n",
       "      <th>hwrte</th>\n",
       "      <th>frosh</th>\n",
       "      <th>soph</th>\n",
       "      <th>skipped</th>\n",
       "      <th>stndfnl</th>\n",
       "      <th>attendenceRate</th>\n",
       "    </tr>\n",
       "  </thead>\n",
       "  <tbody>\n",
       "    <tr>\n",
       "      <th>attend</th>\n",
       "      <td>1.000000</td>\n",
       "      <td>0.559775</td>\n",
       "      <td>0.427188</td>\n",
       "      <td>-0.156386</td>\n",
       "      <td>0.140033</td>\n",
       "      <td>1.000000</td>\n",
       "      <td>0.625970</td>\n",
       "      <td>-0.019953</td>\n",
       "      <td>0.052062</td>\n",
       "      <td>-1.000000</td>\n",
       "      <td>0.140033</td>\n",
       "      <td>1.000000</td>\n",
       "    </tr>\n",
       "    <tr>\n",
       "      <th>termgpa</th>\n",
       "      <td>0.559775</td>\n",
       "      <td>1.000000</td>\n",
       "      <td>0.653168</td>\n",
       "      <td>0.245641</td>\n",
       "      <td>0.510609</td>\n",
       "      <td>0.559775</td>\n",
       "      <td>0.504875</td>\n",
       "      <td>-0.130773</td>\n",
       "      <td>0.132271</td>\n",
       "      <td>-0.559775</td>\n",
       "      <td>0.510609</td>\n",
       "      <td>0.559775</td>\n",
       "    </tr>\n",
       "    <tr>\n",
       "      <th>priGPA</th>\n",
       "      <td>0.427188</td>\n",
       "      <td>0.653168</td>\n",
       "      <td>1.000000</td>\n",
       "      <td>0.353769</td>\n",
       "      <td>0.365927</td>\n",
       "      <td>0.427188</td>\n",
       "      <td>0.307289</td>\n",
       "      <td>-0.308474</td>\n",
       "      <td>0.241136</td>\n",
       "      <td>-0.427188</td>\n",
       "      <td>0.365927</td>\n",
       "      <td>0.427188</td>\n",
       "    </tr>\n",
       "    <tr>\n",
       "      <th>ACT</th>\n",
       "      <td>-0.156386</td>\n",
       "      <td>0.245641</td>\n",
       "      <td>0.353769</td>\n",
       "      <td>1.000000</td>\n",
       "      <td>0.361249</td>\n",
       "      <td>-0.156386</td>\n",
       "      <td>-0.088434</td>\n",
       "      <td>-0.149363</td>\n",
       "      <td>0.109182</td>\n",
       "      <td>0.156386</td>\n",
       "      <td>0.361249</td>\n",
       "      <td>-0.156386</td>\n",
       "    </tr>\n",
       "    <tr>\n",
       "      <th>final</th>\n",
       "      <td>0.140033</td>\n",
       "      <td>0.510609</td>\n",
       "      <td>0.365927</td>\n",
       "      <td>0.361249</td>\n",
       "      <td>1.000000</td>\n",
       "      <td>0.140033</td>\n",
       "      <td>0.146565</td>\n",
       "      <td>-0.088640</td>\n",
       "      <td>0.027609</td>\n",
       "      <td>-0.140033</td>\n",
       "      <td>1.000000</td>\n",
       "      <td>0.140033</td>\n",
       "    </tr>\n",
       "    <tr>\n",
       "      <th>atndrte</th>\n",
       "      <td>1.000000</td>\n",
       "      <td>0.559775</td>\n",
       "      <td>0.427188</td>\n",
       "      <td>-0.156386</td>\n",
       "      <td>0.140033</td>\n",
       "      <td>1.000000</td>\n",
       "      <td>0.625970</td>\n",
       "      <td>-0.019953</td>\n",
       "      <td>0.052062</td>\n",
       "      <td>-1.000000</td>\n",
       "      <td>0.140033</td>\n",
       "      <td>1.000000</td>\n",
       "    </tr>\n",
       "    <tr>\n",
       "      <th>hwrte</th>\n",
       "      <td>0.625970</td>\n",
       "      <td>0.504875</td>\n",
       "      <td>0.307289</td>\n",
       "      <td>-0.088434</td>\n",
       "      <td>0.146565</td>\n",
       "      <td>0.625970</td>\n",
       "      <td>1.000000</td>\n",
       "      <td>-0.087112</td>\n",
       "      <td>0.090236</td>\n",
       "      <td>-0.625970</td>\n",
       "      <td>0.146565</td>\n",
       "      <td>0.625970</td>\n",
       "    </tr>\n",
       "    <tr>\n",
       "      <th>frosh</th>\n",
       "      <td>-0.019953</td>\n",
       "      <td>-0.130773</td>\n",
       "      <td>-0.308474</td>\n",
       "      <td>-0.149363</td>\n",
       "      <td>-0.088640</td>\n",
       "      <td>-0.019953</td>\n",
       "      <td>-0.087112</td>\n",
       "      <td>1.000000</td>\n",
       "      <td>-0.641860</td>\n",
       "      <td>0.019953</td>\n",
       "      <td>-0.088640</td>\n",
       "      <td>-0.019953</td>\n",
       "    </tr>\n",
       "    <tr>\n",
       "      <th>soph</th>\n",
       "      <td>0.052062</td>\n",
       "      <td>0.132271</td>\n",
       "      <td>0.241136</td>\n",
       "      <td>0.109182</td>\n",
       "      <td>0.027609</td>\n",
       "      <td>0.052062</td>\n",
       "      <td>0.090236</td>\n",
       "      <td>-0.641860</td>\n",
       "      <td>1.000000</td>\n",
       "      <td>-0.052062</td>\n",
       "      <td>0.027609</td>\n",
       "      <td>0.052062</td>\n",
       "    </tr>\n",
       "    <tr>\n",
       "      <th>skipped</th>\n",
       "      <td>-1.000000</td>\n",
       "      <td>-0.559775</td>\n",
       "      <td>-0.427188</td>\n",
       "      <td>0.156386</td>\n",
       "      <td>-0.140033</td>\n",
       "      <td>-1.000000</td>\n",
       "      <td>-0.625970</td>\n",
       "      <td>0.019953</td>\n",
       "      <td>-0.052062</td>\n",
       "      <td>1.000000</td>\n",
       "      <td>-0.140033</td>\n",
       "      <td>-1.000000</td>\n",
       "    </tr>\n",
       "    <tr>\n",
       "      <th>stndfnl</th>\n",
       "      <td>0.140033</td>\n",
       "      <td>0.510609</td>\n",
       "      <td>0.365927</td>\n",
       "      <td>0.361249</td>\n",
       "      <td>1.000000</td>\n",
       "      <td>0.140033</td>\n",
       "      <td>0.146565</td>\n",
       "      <td>-0.088640</td>\n",
       "      <td>0.027609</td>\n",
       "      <td>-0.140033</td>\n",
       "      <td>1.000000</td>\n",
       "      <td>0.140033</td>\n",
       "    </tr>\n",
       "    <tr>\n",
       "      <th>attendenceRate</th>\n",
       "      <td>1.000000</td>\n",
       "      <td>0.559775</td>\n",
       "      <td>0.427188</td>\n",
       "      <td>-0.156386</td>\n",
       "      <td>0.140033</td>\n",
       "      <td>1.000000</td>\n",
       "      <td>0.625970</td>\n",
       "      <td>-0.019953</td>\n",
       "      <td>0.052062</td>\n",
       "      <td>-1.000000</td>\n",
       "      <td>0.140033</td>\n",
       "      <td>1.000000</td>\n",
       "    </tr>\n",
       "  </tbody>\n",
       "</table>\n",
       "</div>"
      ],
      "text/plain": [
       "                  attend   termgpa    priGPA       ACT     final   atndrte  \\\n",
       "attend          1.000000  0.559775  0.427188 -0.156386  0.140033  1.000000   \n",
       "termgpa         0.559775  1.000000  0.653168  0.245641  0.510609  0.559775   \n",
       "priGPA          0.427188  0.653168  1.000000  0.353769  0.365927  0.427188   \n",
       "ACT            -0.156386  0.245641  0.353769  1.000000  0.361249 -0.156386   \n",
       "final           0.140033  0.510609  0.365927  0.361249  1.000000  0.140033   \n",
       "atndrte         1.000000  0.559775  0.427188 -0.156386  0.140033  1.000000   \n",
       "hwrte           0.625970  0.504875  0.307289 -0.088434  0.146565  0.625970   \n",
       "frosh          -0.019953 -0.130773 -0.308474 -0.149363 -0.088640 -0.019953   \n",
       "soph            0.052062  0.132271  0.241136  0.109182  0.027609  0.052062   \n",
       "skipped        -1.000000 -0.559775 -0.427188  0.156386 -0.140033 -1.000000   \n",
       "stndfnl         0.140033  0.510609  0.365927  0.361249  1.000000  0.140033   \n",
       "attendenceRate  1.000000  0.559775  0.427188 -0.156386  0.140033  1.000000   \n",
       "\n",
       "                   hwrte     frosh      soph   skipped   stndfnl  \\\n",
       "attend          0.625970 -0.019953  0.052062 -1.000000  0.140033   \n",
       "termgpa         0.504875 -0.130773  0.132271 -0.559775  0.510609   \n",
       "priGPA          0.307289 -0.308474  0.241136 -0.427188  0.365927   \n",
       "ACT            -0.088434 -0.149363  0.109182  0.156386  0.361249   \n",
       "final           0.146565 -0.088640  0.027609 -0.140033  1.000000   \n",
       "atndrte         0.625970 -0.019953  0.052062 -1.000000  0.140033   \n",
       "hwrte           1.000000 -0.087112  0.090236 -0.625970  0.146565   \n",
       "frosh          -0.087112  1.000000 -0.641860  0.019953 -0.088640   \n",
       "soph            0.090236 -0.641860  1.000000 -0.052062  0.027609   \n",
       "skipped        -0.625970  0.019953 -0.052062  1.000000 -0.140033   \n",
       "stndfnl         0.146565 -0.088640  0.027609 -0.140033  1.000000   \n",
       "attendenceRate  0.625970 -0.019953  0.052062 -1.000000  0.140033   \n",
       "\n",
       "                attendenceRate  \n",
       "attend                1.000000  \n",
       "termgpa               0.559775  \n",
       "priGPA                0.427188  \n",
       "ACT                  -0.156386  \n",
       "final                 0.140033  \n",
       "atndrte               1.000000  \n",
       "hwrte                 0.625970  \n",
       "frosh                -0.019953  \n",
       "soph                  0.052062  \n",
       "skipped              -1.000000  \n",
       "stndfnl               0.140033  \n",
       "attendenceRate        1.000000  "
      ]
     },
     "execution_count": 171,
     "metadata": {},
     "output_type": "execute_result"
    }
   ],
   "source": [
    "df.corr()"
   ]
  },
  {
   "cell_type": "code",
   "execution_count": 172,
   "metadata": {},
   "outputs": [
    {
     "data": {
      "text/plain": [
       "0.14003268159832588"
      ]
     },
     "execution_count": 172,
     "metadata": {},
     "output_type": "execute_result"
    }
   ],
   "source": [
    "df['attendenceRate'].corr(df['final'])"
   ]
  },
  {
   "cell_type": "code",
   "execution_count": 173,
   "metadata": {},
   "outputs": [
    {
     "data": {
      "text/html": [
       "<div>\n",
       "<style scoped>\n",
       "    .dataframe tbody tr th:only-of-type {\n",
       "        vertical-align: middle;\n",
       "    }\n",
       "\n",
       "    .dataframe tbody tr th {\n",
       "        vertical-align: top;\n",
       "    }\n",
       "\n",
       "    .dataframe thead th {\n",
       "        text-align: right;\n",
       "    }\n",
       "</style>\n",
       "<table border=\"1\" class=\"dataframe\">\n",
       "  <thead>\n",
       "    <tr style=\"text-align: right;\">\n",
       "      <th></th>\n",
       "      <th>attend</th>\n",
       "      <th>termgpa</th>\n",
       "      <th>priGPA</th>\n",
       "      <th>ACT</th>\n",
       "      <th>final</th>\n",
       "      <th>atndrte</th>\n",
       "      <th>hwrte</th>\n",
       "      <th>frosh</th>\n",
       "      <th>soph</th>\n",
       "      <th>skipped</th>\n",
       "      <th>stndfnl</th>\n",
       "      <th>attendenceRate</th>\n",
       "    </tr>\n",
       "  </thead>\n",
       "  <tbody>\n",
       "    <tr>\n",
       "      <th>attend</th>\n",
       "      <td>29.757429</td>\n",
       "      <td>2.249236</td>\n",
       "      <td>1.269362</td>\n",
       "      <td>-2.977952</td>\n",
       "      <td>3.597765</td>\n",
       "      <td>92.991965</td>\n",
       "      <td>63.686172</td>\n",
       "      <td>-0.046002</td>\n",
       "      <td>0.140431</td>\n",
       "      <td>-29.757429</td>\n",
       "      <td>0.755833</td>\n",
       "      <td>92.991965</td>\n",
       "    </tr>\n",
       "    <tr>\n",
       "      <th>termgpa</th>\n",
       "      <td>2.249236</td>\n",
       "      <td>0.542559</td>\n",
       "      <td>0.262070</td>\n",
       "      <td>0.631605</td>\n",
       "      <td>1.771405</td>\n",
       "      <td>7.028861</td>\n",
       "      <td>7.053242</td>\n",
       "      <td>-0.040711</td>\n",
       "      <td>0.048177</td>\n",
       "      <td>-2.249236</td>\n",
       "      <td>0.372144</td>\n",
       "      <td>7.028861</td>\n",
       "    </tr>\n",
       "    <tr>\n",
       "      <th>priGPA</th>\n",
       "      <td>1.269362</td>\n",
       "      <td>0.262070</td>\n",
       "      <td>0.296713</td>\n",
       "      <td>0.672682</td>\n",
       "      <td>0.938791</td>\n",
       "      <td>3.966755</td>\n",
       "      <td>3.220226</td>\n",
       "      <td>-0.071017</td>\n",
       "      <td>0.064950</td>\n",
       "      <td>-1.269362</td>\n",
       "      <td>0.197225</td>\n",
       "      <td>3.966755</td>\n",
       "    </tr>\n",
       "    <tr>\n",
       "      <th>ACT</th>\n",
       "      <td>-2.977952</td>\n",
       "      <td>0.631605</td>\n",
       "      <td>0.672682</td>\n",
       "      <td>12.185461</td>\n",
       "      <td>5.939266</td>\n",
       "      <td>-9.306100</td>\n",
       "      <td>-5.934443</td>\n",
       "      <td>-0.220363</td>\n",
       "      <td>0.188461</td>\n",
       "      <td>2.977952</td>\n",
       "      <td>1.247745</td>\n",
       "      <td>-9.306100</td>\n",
       "    </tr>\n",
       "    <tr>\n",
       "      <th>final</th>\n",
       "      <td>3.597765</td>\n",
       "      <td>1.771405</td>\n",
       "      <td>0.938791</td>\n",
       "      <td>5.939266</td>\n",
       "      <td>22.182544</td>\n",
       "      <td>11.243015</td>\n",
       "      <td>13.344132</td>\n",
       "      <td>-0.176445</td>\n",
       "      <td>0.064299</td>\n",
       "      <td>-3.597765</td>\n",
       "      <td>4.660198</td>\n",
       "      <td>11.243015</td>\n",
       "    </tr>\n",
       "    <tr>\n",
       "      <th>atndrte</th>\n",
       "      <td>92.991965</td>\n",
       "      <td>7.028861</td>\n",
       "      <td>3.966755</td>\n",
       "      <td>-9.306100</td>\n",
       "      <td>11.243015</td>\n",
       "      <td>290.599890</td>\n",
       "      <td>199.019288</td>\n",
       "      <td>-0.143756</td>\n",
       "      <td>0.438848</td>\n",
       "      <td>-92.991965</td>\n",
       "      <td>2.361978</td>\n",
       "      <td>290.599890</td>\n",
       "    </tr>\n",
       "    <tr>\n",
       "      <th>hwrte</th>\n",
       "      <td>63.686172</td>\n",
       "      <td>7.053242</td>\n",
       "      <td>3.220226</td>\n",
       "      <td>-5.934443</td>\n",
       "      <td>13.344132</td>\n",
       "      <td>199.019288</td>\n",
       "      <td>371.304304</td>\n",
       "      <td>-0.706897</td>\n",
       "      <td>0.858793</td>\n",
       "      <td>-63.686172</td>\n",
       "      <td>2.803389</td>\n",
       "      <td>199.019288</td>\n",
       "    </tr>\n",
       "    <tr>\n",
       "      <th>frosh</th>\n",
       "      <td>-0.046002</td>\n",
       "      <td>-0.040711</td>\n",
       "      <td>-0.071017</td>\n",
       "      <td>-0.220363</td>\n",
       "      <td>-0.176445</td>\n",
       "      <td>-0.143756</td>\n",
       "      <td>-0.706897</td>\n",
       "      <td>0.178628</td>\n",
       "      <td>-0.134142</td>\n",
       "      <td>0.046002</td>\n",
       "      <td>-0.037068</td>\n",
       "      <td>-0.143756</td>\n",
       "    </tr>\n",
       "    <tr>\n",
       "      <th>soph</th>\n",
       "      <td>0.140431</td>\n",
       "      <td>0.048177</td>\n",
       "      <td>0.064950</td>\n",
       "      <td>0.188461</td>\n",
       "      <td>0.064299</td>\n",
       "      <td>0.438848</td>\n",
       "      <td>0.858793</td>\n",
       "      <td>-0.134142</td>\n",
       "      <td>0.244512</td>\n",
       "      <td>-0.140431</td>\n",
       "      <td>0.013508</td>\n",
       "      <td>0.438848</td>\n",
       "    </tr>\n",
       "    <tr>\n",
       "      <th>skipped</th>\n",
       "      <td>-29.757429</td>\n",
       "      <td>-2.249236</td>\n",
       "      <td>-1.269362</td>\n",
       "      <td>2.977952</td>\n",
       "      <td>-3.597765</td>\n",
       "      <td>-92.991965</td>\n",
       "      <td>-63.686172</td>\n",
       "      <td>0.046002</td>\n",
       "      <td>-0.140431</td>\n",
       "      <td>29.757429</td>\n",
       "      <td>-0.755833</td>\n",
       "      <td>-92.991965</td>\n",
       "    </tr>\n",
       "    <tr>\n",
       "      <th>stndfnl</th>\n",
       "      <td>0.755833</td>\n",
       "      <td>0.372144</td>\n",
       "      <td>0.197225</td>\n",
       "      <td>1.247745</td>\n",
       "      <td>4.660198</td>\n",
       "      <td>2.361978</td>\n",
       "      <td>2.803389</td>\n",
       "      <td>-0.037068</td>\n",
       "      <td>0.013508</td>\n",
       "      <td>-0.755833</td>\n",
       "      <td>0.979033</td>\n",
       "      <td>2.361978</td>\n",
       "    </tr>\n",
       "    <tr>\n",
       "      <th>attendenceRate</th>\n",
       "      <td>92.991965</td>\n",
       "      <td>7.028861</td>\n",
       "      <td>3.966755</td>\n",
       "      <td>-9.306100</td>\n",
       "      <td>11.243015</td>\n",
       "      <td>290.599890</td>\n",
       "      <td>199.019288</td>\n",
       "      <td>-0.143756</td>\n",
       "      <td>0.438848</td>\n",
       "      <td>-92.991965</td>\n",
       "      <td>2.361978</td>\n",
       "      <td>290.599890</td>\n",
       "    </tr>\n",
       "  </tbody>\n",
       "</table>\n",
       "</div>"
      ],
      "text/plain": [
       "                   attend   termgpa    priGPA        ACT      final  \\\n",
       "attend          29.757429  2.249236  1.269362  -2.977952   3.597765   \n",
       "termgpa          2.249236  0.542559  0.262070   0.631605   1.771405   \n",
       "priGPA           1.269362  0.262070  0.296713   0.672682   0.938791   \n",
       "ACT             -2.977952  0.631605  0.672682  12.185461   5.939266   \n",
       "final            3.597765  1.771405  0.938791   5.939266  22.182544   \n",
       "atndrte         92.991965  7.028861  3.966755  -9.306100  11.243015   \n",
       "hwrte           63.686172  7.053242  3.220226  -5.934443  13.344132   \n",
       "frosh           -0.046002 -0.040711 -0.071017  -0.220363  -0.176445   \n",
       "soph             0.140431  0.048177  0.064950   0.188461   0.064299   \n",
       "skipped        -29.757429 -2.249236 -1.269362   2.977952  -3.597765   \n",
       "stndfnl          0.755833  0.372144  0.197225   1.247745   4.660198   \n",
       "attendenceRate  92.991965  7.028861  3.966755  -9.306100  11.243015   \n",
       "\n",
       "                   atndrte       hwrte     frosh      soph    skipped  \\\n",
       "attend           92.991965   63.686172 -0.046002  0.140431 -29.757429   \n",
       "termgpa           7.028861    7.053242 -0.040711  0.048177  -2.249236   \n",
       "priGPA            3.966755    3.220226 -0.071017  0.064950  -1.269362   \n",
       "ACT              -9.306100   -5.934443 -0.220363  0.188461   2.977952   \n",
       "final            11.243015   13.344132 -0.176445  0.064299  -3.597765   \n",
       "atndrte         290.599890  199.019288 -0.143756  0.438848 -92.991965   \n",
       "hwrte           199.019288  371.304304 -0.706897  0.858793 -63.686172   \n",
       "frosh            -0.143756   -0.706897  0.178628 -0.134142   0.046002   \n",
       "soph              0.438848    0.858793 -0.134142  0.244512  -0.140431   \n",
       "skipped         -92.991965  -63.686172  0.046002 -0.140431  29.757429   \n",
       "stndfnl           2.361978    2.803389 -0.037068  0.013508  -0.755833   \n",
       "attendenceRate  290.599890  199.019288 -0.143756  0.438848 -92.991965   \n",
       "\n",
       "                 stndfnl  attendenceRate  \n",
       "attend          0.755833       92.991965  \n",
       "termgpa         0.372144        7.028861  \n",
       "priGPA          0.197225        3.966755  \n",
       "ACT             1.247745       -9.306100  \n",
       "final           4.660198       11.243015  \n",
       "atndrte         2.361978      290.599890  \n",
       "hwrte           2.803389      199.019288  \n",
       "frosh          -0.037068       -0.143756  \n",
       "soph            0.013508        0.438848  \n",
       "skipped        -0.755833      -92.991965  \n",
       "stndfnl         0.979033        2.361978  \n",
       "attendenceRate  2.361978      290.599890  "
      ]
     },
     "execution_count": 173,
     "metadata": {},
     "output_type": "execute_result"
    }
   ],
   "source": [
    "\n",
    "df.cov()"
   ]
  },
  {
   "cell_type": "code",
   "execution_count": 174,
